1.426057000000000016e+03 -4.436809999999999832e+02 -1.133648999999999887e+03
1.282076000000000022e+03 -1.621390000000000100e+02 -1.232221000000000004e+03
1.098740999999999985e+03 7.529200000000000159e+01 -1.313791999999999916e+03
1.247659000000000106e+03 -3.947149999999999750e+02 -1.220445999999999913e+03
1.067255000000000109e+03 -1.369809999999999945e+02 -1.318673999999999978e+03
1.065280999999999949e+03 -3.374449999999999932e+02 -1.298932999999999993e+03
9.496440000000000055e+02 -5.677680000000000291e+02 -1.299046000000000049e+03
1.064483999999999924e+03 5.388319999999999936e+02 -1.284743999999999915e+03
1.464422000000000025e+03 -1.887719999999999914e+02 -1.147023999999999887e+03
1.116176999999999907e+03 -6.426879999999999882e+02 -1.224780999999999949e+03
2.190251999999999953e+03 1.928663999999999987e+03 -1.217830000000000013e+02
2.077322999999999865e+03 1.834656999999999925e+03 -2.610690000000000168e+02
1.963413999999999987e+03 1.735616999999999962e+03 -3.952590000000000146e+02
1.842734999999999900e+03 1.639751999999999953e+03 -5.247809999999999491e+02
1.713417999999999893e+03 1.547326999999999998e+03 -6.502419999999999618e+02
1.581005000000000109e+03 1.443374000000000024e+03 -7.739840000000000373e+02
1.446929000000000087e+03 1.328912000000000035e+03 -8.931680000000000064e+02
1.311347999999999956e+03 1.206257000000000062e+03 -1.005474000000000046e+03
1.175577999999999975e+03 1.075605000000000018e+03 -1.109161000000000058e+03
1.215347999999999956e+03 3.184329999999999927e+02 -1.255548999999999978e+03
1.027516000000000076e+03 2.733460000000000036e+02 -1.329611000000000104e+03
1.562300999999999931e+03 8.057789999999999964e+02 -1.010261999999999944e+03
1.401601000000000113e+03 7.217340000000000373e+02 -1.109718000000000075e+03
1.248648999999999887e+03 6.323329999999999700e+02 -1.196311999999999898e+03
1.392731999999999971e+03 3.567989999999999782e+02 -1.174290999999999940e+03
2.053557999999999993e+03 1.201219999999999999e+02 -8.103220000000000027e+02
2.053387000000000171e+03 5.172450000000000045e+02 -7.735610000000000355e+02
1.895343000000000075e+03 4.776250000000000000e+02 -8.835729999999999791e+02
1.728303000000000111e+03 4.377950000000000159e+02 -9.900000000000000000e+02
1.566693999999999960e+03 3.976519999999999868e+02 -1.083755000000000109e+03
6.991019999999999754e+02 -2.184291999999999916e+03 -5.925149999999999864e+02
8.378070000000000164e+02 -2.616315999999999804e+03 -2.021320000000000050e+02
5.034499999999999886e+02 -2.820257000000000062e+03 -8.936499999999999488e+01
7.506699999999999591e+02 -2.331217000000000098e+03 -4.675740000000000123e+02
7.981380000000000337e+02 -2.475166999999999916e+03 -3.367549999999999955e+02
6.419550000000000409e+02 -2.034028999999999996e+03 -7.146589999999999918e+02
1.270598999999999933e+03 -2.641208999999999833e+03 -3.151899999999999835e+01
8.769080000000000155e+02 -2.749117999999999938e+03 -7.055200000000000671e+01
1.651060999999999922e+03 -2.377211999999999989e+03 -7.234900000000000375e+01
2.123733000000000175e+03 -2.041787000000000035e+03 -3.139300000000000068e+01
1.220383000000000038e+03 -2.528762999999999920e+03 -1.493319999999999936e+02
1.567095000000000027e+03 -2.253235000000000127e+03 -2.151229999999999905e+02
2.039038000000000011e+03 -1.951436999999999898e+03 -1.517179999999999893e+02
1.156701000000000022e+03 -2.396148999999999887e+03 -2.863410000000000082e+02
2.520391999999999825e+03 -1.463846000000000004e+03 -7.213500000000000512e+01
1.489109999999999900e+03 -2.137648000000000138e+03 -3.413690000000000282e+02
1.935604000000000042e+03 -1.846837999999999965e+03 -2.888279999999999745e+02
1.096134999999999991e+03 -2.256036000000000058e+03 -4.200910000000000082e+02
2.392048999999999978e+03 -1.395643000000000029e+03 -2.096829999999999927e+02
2.786916000000000167e+03 -9.801159999999999854e+02 -4.365500000000000114e+01
1.403825000000000045e+03 -2.005055000000000064e+03 -4.758399999999999750e+02
1.826318999999999960e+03 -1.746808999999999969e+03 -4.190600000000000023e+02
1.024650000000000091e+03 -2.119621000000000095e+03 -5.471380000000000337e+02
2.682530000000000200e+03 -9.358200000000000500e+02 -1.521430000000000007e+02
1.315239000000000033e+03 -1.877505000000000109e+03 -6.012200000000000273e+02
1.718121000000000095e+03 -1.636582000000000107e+03 -5.469840000000000373e+02
9.535309999999999491e+02 -1.974278000000000020e+03 -6.731040000000000418e+02
2.115755000000000109e+03 -1.262578999999999951e+03 -4.789780000000000086e+02
2.536130999999999858e+03 -8.734220000000000255e+02 -2.988100000000000023e+02
1.228465999999999894e+03 -1.747570999999999913e+03 -7.190860000000000127e+02
2.399085999999999785e+03 -8.166390000000000100e+02 -4.284619999999999891e+02
1.980497000000000071e+03 -1.187820999999999913e+03 -6.030629999999999882e+02
8.726900000000000546e+02 -1.812368999999999915e+03 -8.042079999999999700e+02
1.139683999999999969e+03 -1.606236000000000104e+03 -8.350800000000000409e+02
8.034089999999999918e+02 -1.651448000000000093e+03 -9.192340000000000373e+02
1.045913000000000011e+03 -1.463471999999999980e+03 -9.452490000000000236e+02
1.359487000000000080e+03 -1.287538000000000011e+03 -9.075069999999999482e+02
2.106601999999999862e+03 -6.950570000000000164e+02 -6.809909999999999854e+02
1.700409000000000106e+03 -1.023833999999999946e+03 -8.389249999999999545e+02
2.456275999999999840e+03 -3.053469999999999800e+02 -4.869619999999999891e+02
2.308800999999999931e+03 -2.861960000000000264e+02 -6.062490000000000236e+02
1.226998000000000047e+03 -1.162337999999999965e+03 -1.017990999999999985e+03
1.954016000000000076e+03 -6.290220000000000482e+02 -8.006609999999999445e+02
1.557926999999999907e+03 -9.313260000000000218e+02 -9.482450000000000045e+02
1.786565000000000055e+03 -5.561470000000000482e+02 -9.204270000000000209e+02
8.551019999999999754e+02 -1.173960000000000036e+03 -1.139625999999999976e+03
1.418923999999999978e+03 -8.269189999999999827e+02 -1.049332000000000107e+03
1.094618999999999915e+03 -1.028290999999999940e+03 -1.119988000000000056e+03
1.608520999999999958e+03 -5.021809999999999832e+02 -1.031289999999999964e+03
9.596280000000000427e+02 -8.907490000000000236e+02 -1.212605999999999995e+03
2.259682999999999993e+03 -7.577849999999999682e+02 -5.527839999999999918e+02
1.603557999999999993e+03 -1.524249000000000024e+03 -6.717670000000000528e+02
9.495349999999999682e+02 -1.320640000000000100e+03 -1.046451000000000022e+03
1.495635999999999967e+03 -1.396050999999999931e+03 -7.924059999999999491e+02
1.272288000000000011e+03 -7.347069999999999936e+02 -1.140310999999999922e+03
1.286266000000000076e+03 8.404999999999999716e+01 -1.239067000000000007e+03
1.728218000000000075e+03 9.074130000000000109e+02 -8.915720000000000027e+02
1.238961999999999989e+03 1.875637999999999920e+03 -7.005460000000000491e+02
1.322058999999999969e+03 2.014310999999999922e+03 -5.759790000000000418e+02
1.490873000000000047e+03 2.272525000000000091e+03 -3.155799999999999841e+02
1.569921000000000049e+03 2.396396000000000186e+03 -1.808369999999999891e+02
1.646186999999999898e+03 2.513827999999999975e+03 -4.545799999999999841e+01
2.903628000000000156e+03 -3.691320000000000050e+02 -8.145999999999999375e+01
2.253442000000000007e+03 -1.335538000000000011e+03 -3.457860000000000014e+02
2.761320999999999913e+03 -3.453709999999999809e+02 -2.180800000000000125e+02
2.953260000000000218e+03 1.168910000000000053e+02 -6.062400000000000233e+01
2.613588000000000193e+03 -3.278210000000000264e+02 -3.521829999999999927e+02
2.815074000000000069e+03 1.221389999999999958e+02 -1.926109999999999900e+02
2.671335999999999785e+03 1.244350000000000023e+02 -3.235539999999999736e+02
2.517507999999999811e+03 1.188730000000000047e+02 -4.555480000000000018e+02
2.149163000000000011e+03 -2.608949999999999818e+02 -7.281079999999999472e+02
2.359429999999999836e+03 1.214150000000000063e+02 -5.836530000000000200e+02
2.202882000000000062e+03 1.132710000000000008e+02 -7.038650000000000091e+02
2.363389999999999873e+03 5.921420000000000528e+02 -5.308160000000000309e+02
2.681259000000000015e+03 1.364444999999999936e+03 -2.213200000000000145e+01
2.575869000000000142e+03 1.312810999999999922e+03 -1.374350000000000023e+02
2.214695000000000164e+03 5.569880000000000564e+02 -6.512809999999999491e+02
1.875183999999999969e+03 1.009929999999999950e+02 -9.283170000000000073e+02
2.447755999999999858e+03 1.246594000000000051e+03 -2.722040000000000077e+02
1.677165999999999940e+03 1.011039999999999992e+02 -1.044989000000000033e+03
2.177547000000000025e+03 1.101846000000000004e+03 -5.353579999999999472e+02
1.489528000000000020e+03 9.660399999999999920e+01 -1.144326999999999998e+03
1.884972999999999956e+03 9.615499999999999545e+02 -7.810879999999999654e+02
1.409709000000000060e+03 2.146193999999999960e+03 -4.457909999999999968e+02
2.895929999999999836e+03 7.338039999999999736e+02 -3.533599999999999852e+01
2.797978000000000065e+03 7.067089999999999463e+02 -1.353259999999999934e+02
2.659568000000000211e+03 6.625639999999999645e+02 -2.700179999999999723e+02
2.312601000000000113e+03 1.176242999999999938e+03 -4.070600000000000023e+02
2.515643999999999778e+03 6.330829999999999700e+02 -3.996920000000000073e+02
1.986807000000000016e+03 -2.475360000000000014e+02 -8.417200000000000273e+02
2.046535000000000082e+03 1.029967000000000098e+03 -6.522190000000000509e+02
1.844433999999999969e+03 -1.107429000000000087e+03 -7.224869999999999663e+02
1.811515000000000100e+03 -2.312439999999999998e+02 -9.540869999999999891e+02
1.647782999999999902e+03 -2.095900000000000034e+02 -1.049807000000000016e+03
-7.442179999999999609e+02 8.164000000000000057e+01 -1.419948000000000093e+03
-6.838329999999999700e+02 -1.972439999999999998e+02 -1.422969000000000051e+03
-9.970860000000000127e+02 8.170499999999999829e+01 -1.347423000000000002e+03
-8.738550000000000182e+02 -2.950679999999999836e+02 -1.364030999999999949e+03
-1.175507000000000062e+03 7.959499999999999886e+01 -1.283152000000000044e+03
-1.125682999999999993e+03 -1.666860000000000070e+02 -1.292457000000000107e+03
-1.048999000000000024e+03 -3.830640000000000214e+02 -1.295734999999999900e+03
-1.308602000000000089e+03 -1.936440000000000055e+02 -1.215484999999999900e+03
-1.214434999999999945e+03 -4.641490000000000009e+02 -1.220232999999999947e+03
-1.821448000000000093e+03 -2.883290000000000077e+02 -9.395259999999999536e+02
-6.906520000000000437e+02 3.237620000000000005e+02 -1.419959000000000060e+03
-5.301130000000000564e+02 5.232309999999999945e+02 -1.427954999999999927e+03
-4.325489999999999782e+02 1.282007000000000062e+03 -1.231589999999999918e+03
-6.019550000000000409e+02 1.229541999999999916e+03 -1.223789999999999964e+03
-5.165729999999999791e+02 8.175929999999999609e+02 -1.371965999999999894e+03
-6.351970000000000027e+02 9.806879999999999882e+02 -1.303178000000000111e+03
-7.604619999999999891e+02 1.125090999999999894e+03 -1.226761999999999944e+03
-8.745789999999999509e+02 1.274634000000000015e+03 -1.139234999999999900e+03
-6.955599999999999454e+02 6.391399999999999864e+02 -1.374089999999999918e+03
-8.510460000000000491e+02 7.615499999999999545e+02 -1.307978000000000065e+03
-8.982000000000000455e+02 3.916990000000000123e+02 -1.358673000000000002e+03
-1.128319999999999936e+03 6.920510000000000446e+02 -1.232608999999999924e+03
-1.101369999999999891e+03 4.470509999999999877e+02 -1.284780999999999949e+03
-1.307028000000000020e+03 4.959019999999999868e+02 -1.195564000000000078e+03
-1.342471999999999980e+03 2.915029999999999859e+02 -1.203140000000000100e+03
-1.366577999999999975e+03 8.124699999999999989e+01 -1.202278999999999996e+03
-1.520859999999999900e+03 3.213489999999999895e+02 -1.116188000000000102e+03
-1.568993999999999915e+03 9.110099999999999909e+01 -1.103805000000000064e+03
-1.716674999999999955e+03 3.475160000000000196e+02 -1.009023000000000025e+03
-1.473525000000000091e+03 -2.212570000000000050e+02 -1.137010999999999967e+03
-1.754130000000000109e+03 9.371399999999999864e+01 -1.002042000000000030e+03
-1.651890000000000100e+03 -2.567810000000000059e+02 -1.040833000000000084e+03
-2.115016000000000076e+03 1.053689999999999998e+02 -7.694990000000000236e+02
-1.984048000000000002e+03 -3.166899999999999977e+02 -8.333139999999999645e+02
-2.146168000000000120e+03 -3.512280000000000086e+02 -7.170919999999999845e+02
-2.296860000000000127e+03 -3.802850000000000250e+02 -6.008089999999999691e+02
-2.607025999999999840e+03 -4.354660000000000082e+02 -3.398050000000000068e+02
-2.749121999999999844e+03 -4.626440000000000055e+02 -2.082359999999999900e+02
-2.895003000000000156e+03 -4.891890000000000214e+02 -6.705700000000000216e+01
-6.887770000000000437e+02 1.387555000000000064e+03 -1.139613000000000056e+03
-5.580480000000000018e+02 1.643861000000000104e+03 -1.042039999999999964e+03
-7.763999999999999773e+02 1.540201000000000022e+03 -1.047147999999999911e+03
-6.191420000000000528e+02 1.823915999999999940e+03 -9.290040000000000191e+02
-9.883329999999999700e+02 1.418493999999999915e+03 -1.042665999999999940e+03
-8.612129999999999654e+02 1.694936999999999898e+03 -9.443949999999999818e+02
-6.675879999999999654e+02 2.003559999999999945e+03 -8.080449999999999591e+02
-1.092231999999999971e+03 1.561243999999999915e+03 -9.393139999999999645e+02
-9.357309999999999945e+02 1.847280999999999949e+03 -8.358479999999999563e+02
-7.042060000000000173e+02 2.156865999999999985e+03 -6.964120000000000346e+02
-1.008697999999999979e+03 1.989195999999999913e+03 -7.249740000000000464e+02
-7.467619999999999436e+02 2.313059999999999945e+03 -5.728559999999999945e+02
-1.089038000000000011e+03 2.129960999999999785e+03 -6.030480000000000018e+02
-1.163082000000000107e+03 2.267255000000000109e+03 -4.784549999999999841e+02
-4.960969999999999800e+02 1.464664999999999964e+03 -1.142106999999999971e+03
-7.963490000000000464e+02 2.467063999999999851e+03 -4.411940000000000168e+02
-2.606061999999999898e+03 1.414756000000000085e+03 -8.996200000000000330e+01
-2.473702999999999975e+03 1.346967000000000098e+03 -2.289269999999999925e+02
-2.345340999999999894e+03 1.284705999999999904e+03 -3.554580000000000268e+02
-2.209568000000000211e+03 1.213048999999999978e+03 -4.841999999999999886e+02
-2.069445000000000164e+03 1.144717000000000098e+03 -6.071760000000000446e+02
-1.776221999999999980e+03 1.012912000000000035e+03 -8.381240000000000236e+02
-1.448817000000000007e+03 1.232929000000000087e+03 -9.341760000000000446e+02
-1.614826000000000022e+03 9.312350000000000136e+02 -9.530890000000000555e+02
-1.303058999999999969e+03 1.106758000000000038e+03 -1.046512999999999920e+03
-1.455019000000000005e+03 8.595240000000000009e+02 -1.054045000000000073e+03
-1.157319999999999936e+03 9.822200000000000273e+02 -1.145902000000000044e+03
-1.674653000000000020e+03 5.877110000000000127e+02 -1.000192999999999984e+03
-1.299978000000000065e+03 7.825270000000000437e+02 -1.143604000000000042e+03
-1.503656999999999925e+03 5.473350000000000364e+02 -1.096689000000000078e+03
-1.014235999999999990e+03 8.729790000000000418e+02 -1.229037000000000035e+03
-2.453416000000000167e+03 -4.098910000000000196e+02 -4.727760000000000105e+02
-2.859610000000000127e+02 1.848726000000000113e+03 -9.633509999999999991e+02
-1.933363000000000056e+03 9.807999999999999829e+01 -8.921090000000000373e+02
-3.031379999999999768e+02 2.014397999999999911e+03 -8.580950000000000273e+02
-3.423109999999999786e+02 2.345371000000000095e+03 -6.203310000000000173e+02
-3.584669999999999845e+02 2.492027000000000044e+03 -5.031820000000000164e+02
-3.700219999999999914e+02 2.645097000000000207e+03 -3.741720000000000255e+02
-8.423250000000000455e+02 2.609594000000000051e+03 -3.112429999999999950e+02
-8.819719999999999800e+02 2.747664999999999964e+03 -1.801430000000000007e+02
-9.260230000000000246e+02 2.884438999999999851e+03 -4.255899999999999750e+01
-1.374632000000000062e+03 -5.506870000000000118e+02 -1.134585000000000036e+03
-1.774066000000000031e+03 2.433016000000000076e+03 -5.980400000000000205e+01
-1.382429000000000087e+03 2.657907999999999902e+03 -7.689600000000000080e+01
-1.684858999999999924e+03 2.319155999999999949e+03 -1.972199999999999989e+02
-1.306106999999999971e+03 2.530079000000000178e+03 -2.175860000000000127e+02
-1.590615999999999985e+03 2.207784999999999854e+03 -3.282189999999999941e+02
-1.956920000000000073e+03 1.654787000000000035e+03 -4.569970000000000141e+02
-1.232835000000000036e+03 2.401233000000000175e+03 -3.504979999999999905e+02
-1.496470000000000027e+03 2.086072000000000116e+03 -4.595140000000000100e+02
-1.401585000000000036e+03 1.960886999999999944e+03 -5.861539999999999964e+02
-1.713664999999999964e+03 1.460039999999999964e+03 -6.994809999999999945e+02
-1.307067000000000007e+03 1.831238000000000056e+03 -7.077229999999999563e+02
-1.593205999999999904e+03 1.348340999999999894e+03 -8.148650000000000091e+02
-1.191150000000000091e+03 1.705740000000000009e+03 -8.271490000000000009e+02
-1.082883000000000038e+03 -6.872129999999999654e+02 -1.224553000000000111e+03
-9.351459999999999582e+02 -5.815549999999999500e+02 -1.299259000000000015e+03
-7.946570000000000391e+02 -7.263619999999999663e+02 -1.305644000000000005e+03
-9.262980000000000018e+02 -8.677069999999999936e+02 -1.226823000000000093e+03
-2.860159999999999854e+03 9.006420000000000528e+02 -4.525300000000000011e+01
-2.600639000000000124e+03 8.344379999999999882e+02 -2.945289999999999964e+02
-2.457416999999999916e+03 7.915860000000000127e+02 -4.246650000000000205e+02
-2.154740999999999985e+03 7.177830000000000155e+02 -6.711280000000000427e+02
-2.027999000000000024e+03 6.831559999999999491e+02 -7.662709999999999582e+02
-1.859778999999999996e+03 6.419529999999999745e+02 -8.827699999999999818e+02
-1.906063000000000102e+03 3.698849999999999909e+02 -8.932359999999999900e+02
-1.052522999999999911e+03 -1.006552999999999997e+03 -1.138050999999999931e+03
-1.179805000000000064e+03 -1.145311999999999898e+03 -1.037142000000000053e+03
-1.076736000000000104e+03 -1.454470000000000027e+03 -9.350289999999999964e+02
-2.930672999999999774e+03 5.295850000000000364e+02 -5.403399999999999892e+01
-2.882311999999999898e+03 1.559219999999999970e+02 -1.319110000000000014e+02
-2.794793000000000120e+03 5.046929999999999836e+02 -1.863489999999999895e+02
-2.738389999999999873e+03 8.725789999999999509e+02 -1.639550000000000125e+02
-2.640135999999999967e+03 4.799950000000000045e+02 -3.282379999999999995e+02
-2.305411000000000058e+03 1.928594000000000051e+03 -5.972399999999999665e+01
-2.494690999999999804e+03 4.516240000000000236e+02 -4.547429999999999950e+02
-2.187516000000000076e+03 1.836040999999999940e+03 -2.009819999999999993e+02
-2.450501000000000204e+03 1.291910000000000025e+02 -5.144750000000000227e+02
-2.310652999999999793e+03 7.584199999999999591e+02 -5.470389999999999873e+02
-2.347248000000000047e+03 4.257830000000000155e+02 -5.756770000000000209e+02
-2.099661000000000058e+03 3.873570000000000277e+02 -7.631720000000000255e+02
-1.926630000000000109e+03 1.084997000000000071e+03 -7.221459999999999582e+02
-2.737556999999999789e+03 1.411030000000000086e+02 -2.672060000000000173e+02
-2.584760999999999967e+03 1.351299999999999955e+02 -4.027169999999999845e+02
-2.070608999999999924e+03 1.744903999999999996e+03 -3.334830000000000041e+02
-1.833547000000000025e+03 1.555509999999999991e+03 -5.840309999999999491e+02
-8.769460000000000264e+02 -1.168865000000000009e+03 -1.131200000000000045e+03
-9.792110000000000127e+02 -1.311181000000000040e+03 -1.037490999999999985e+03
-1.557650000000000091e+03 -1.524948000000000093e+03 -6.857889999999999873e+02
-1.348005000000000109e+03 -1.857471000000000004e+03 -5.912680000000000291e+02
-9.679909999999999854e+02 -1.920025000000000091e+03 -7.009859999999999900e+02
-1.432747000000000071e+03 -1.984386999999999944e+03 -4.681789999999999736e+02
-1.097949000000000069e+03 -2.203329000000000178e+03 -4.543450000000000273e+02
-1.277356999999999971e+03 -2.609652000000000044e+03 -4.938600000000000279e+01
-1.440955999999999904e+03 -1.406733999999999924e+03 -8.048110000000000355e+02
-1.036862000000000080e+03 -2.067836999999999989e+03 -5.755499999999999545e+02
-1.519355000000000018e+03 -2.116507999999999811e+03 -3.333439999999999941e+02
-1.217934999999999945e+03 -2.481340999999999894e+03 -1.841829999999999927e+02
-1.665488000000000056e+03 -2.365101999999999862e+03 -6.585299999999999443e+01
-1.230653000000000020e+03 -7.893279999999999745e+02 -1.140087999999999965e+03
-1.978233999999999924e+03 -1.973550999999999931e+03 -1.632549999999999955e+02
-2.284559000000000196e+03 -1.518650000000000091e+03 -2.217170000000000130e+02
-1.592133000000000038e+03 -2.242681000000000040e+03 -2.014439999999999884e+02
-1.876022999999999911e+03 -1.868005000000000109e+03 -2.991279999999999859e+02
-2.163211999999999989e+03 -1.437284000000000106e+03 -3.547939999999999827e+02
-1.766940000000000055e+03 -1.752579999999999927e+03 -4.389569999999999936e+02
-2.028126999999999953e+03 -1.349673999999999978e+03 -4.922559999999999718e+02
-1.159862000000000080e+03 -2.342634000000000015e+03 -3.230319999999999823e+02
-2.280972999999999956e+03 1.204569999999999936e+02 -6.476150000000000091e+02
-1.536712999999999965e+03 -6.347540000000000191e+02 -1.037737000000000080e+03
-1.365657999999999902e+03 -8.950270000000000437e+02 -1.048848999999999933e+03
-1.166296000000000049e+03 -1.587050999999999931e+03 -8.311670000000000300e+02
-1.636626999999999953e+03 -1.080265000000000100e+03 -8.481730000000000018e+02
-1.315097999999999956e+03 -1.273852000000000089e+03 -9.259759999999999991e+02
-1.666027000000000044e+03 -1.640117999999999938e+03 -5.635000000000000000e+02
-1.711088999999999942e+03 -7.116620000000000346e+02 -9.248909999999999627e+02
-1.871306000000000040e+03 -7.872419999999999618e+02 -8.082549999999999955e+02
-2.023730999999999995e+03 -8.558170000000000073e+02 -6.885320000000000391e+02
-1.904721999999999980e+03 -1.266221999999999980e+03 -6.123650000000000091e+02
-2.165990999999999985e+03 -9.288930000000000291e+02 -5.640800000000000409e+02
-2.305068999999999960e+03 -9.961530000000000200e+02 -4.372200000000000273e+02
-2.434268000000000029e+03 -1.066538000000000011e+03 -3.085339999999999918e+02
-2.075315999999999804e+03 -2.077965000000000146e+03 -2.540099999999999980e+01
-2.565739999999999782e+03 -1.131967000000000098e+03 -1.740060000000000002e+02
-2.401135999999999967e+03 -1.595223999999999933e+03 -8.910899999999999466e+01
-2.688603000000000065e+03 -1.193733999999999924e+03 -4.166100000000000136e+01
-1.502019000000000005e+03 -9.860779999999999745e+02 -9.527110000000000127e+02
-3.214499999999999886e+02 2.180224999999999909e+03 -7.436559999999999491e+02
-1.766875000000000000e+03 -1.172580999999999904e+03 -7.370099999999999909e+02
-1.262827999999999975e+03 -1.725588999999999942e+03 -7.114740000000000464e+02
7.566000000000000227e+02 -1.012955000000000041e+03 -1.227932000000000016e+03
5.495430000000000064e+02 -1.159868999999999915e+03 -1.216317000000000007e+03
6.409030000000000200e+02 -1.323066000000000031e+03 -1.127741999999999962e+03
-4.260500000000000114e+02 -7.951839999999999691e+02 -1.360789999999999964e+03
-6.704030000000000200e+02 -8.595489999999999782e+02 -1.296596000000000004e+03
-5.081150000000000091e+02 -9.544039999999999964e+02 -1.298386999999999944e+03
-2.244919999999999902e+02 -8.289080000000000155e+02 -1.373202999999999975e+03
-2.704250000000000114e+02 -1.013072000000000003e+03 -1.309528999999999996e+03
-7.749389999999999645e+02 -1.031163999999999987e+03 -1.213009999999999991e+03
-3.405100000000000193e+01 -1.043878999999999905e+03 -1.313400000000000091e+03
-5.807549999999999955e+02 -1.130457000000000107e+03 -1.219756000000000085e+03
-3.183199999999999932e+02 -1.211180000000000064e+03 -1.226359999999999900e+03
-3.548799999999999955e+01 -1.244921000000000049e+03 -1.232954999999999927e+03
-3.582699999999999818e+02 -1.396049999999999955e+03 -1.136505000000000109e+03
-4.099199999999999733e+01 -1.447757000000000062e+03 -1.138513999999999896e+03
7.168239999999999554e+02 -1.483054000000000087e+03 -1.032555000000000064e+03
-4.069189999999999827e+02 -1.567444999999999936e+03 -1.043243999999999915e+03
-5.223700000000000188e+01 -1.615695999999999913e+03 -1.048619999999999891e+03
-8.160520000000000209e+02 -1.623640000000000100e+03 -9.280529999999999973e+02
-4.458940000000000055e+02 -1.726931000000000040e+03 -9.471829999999999927e+02
3.482649999999999864e+02 -1.738833000000000084e+03 -9.542240000000000464e+02
1.254909999999999997e+02 -1.769305000000000064e+03 -9.535510000000000446e+02
-5.406700000000000017e+01 -1.805599999999999909e+03 -9.355739999999999554e+02
-4.851879999999999882e+02 -1.884541999999999916e+03 -8.431670000000000300e+02
3.704689999999999941e+02 -1.906678000000000111e+03 -8.464679999999999609e+02
1.318919999999999959e+02 -1.933685999999999922e+03 -8.480969999999999800e+02
-6.372999999999999687e+01 -1.978325000000000045e+03 -8.232640000000000100e+02
-5.296069999999999709e+02 -2.040836999999999989e+03 -7.300960000000000036e+02
3.962330000000000041e+02 -2.067143999999999778e+03 -7.334759999999999991e+02
1.481140000000000043e+02 -2.098762999999999920e+03 -7.325449999999999591e+02
-7.833499999999999375e+01 -2.139909000000000106e+03 -7.085199999999999818e+02
-5.639660000000000082e+02 -2.201943999999999960e+03 -6.064370000000000118e+02
4.181109999999999900e+02 -2.225686000000000149e+03 -6.133479999999999563e+02
1.630980000000000132e+02 -2.257251000000000204e+03 -6.130270000000000437e+02
-7.959399999999999409e+01 -2.298641999999999825e+03 -5.868809999999999718e+02
-5.975030000000000427e+02 -2.352992999999999938e+03 -4.814139999999999873e+02
4.376949999999999932e+02 -2.375840999999999894e+03 -4.919940000000000282e+02
-7.658700000000000330e+01 -2.443927999999999884e+03 -4.680299999999999727e+02
-6.275069999999999482e+02 -2.499389999999999873e+03 -3.538269999999999982e+02
1.779430000000000121e+02 -2.568108000000000175e+03 -3.563319999999999936e+02
-8.342799999999999727e+01 -2.602826000000000022e+03 -3.314230000000000018e+02
-6.569439999999999600e+02 -2.643007000000000062e+03 -2.223590000000000089e+02
1.891469999999999914e+02 -2.711246000000000095e+03 -2.267369999999999948e+02
-8.736100000000000421e+01 -2.747503999999999905e+03 -1.988160000000000025e+02
-6.846970000000000027e+02 -2.794277000000000044e+03 -7.620999999999999375e+01
1.935629999999999882e+02 -2.851826000000000022e+03 -9.348799999999999955e+01
-8.658499999999999375e+01 -2.885802000000000135e+03 -6.576500000000000057e+01
1.215600000000000023e+02 -1.596902000000000044e+03 -1.052577999999999975e+03
-7.267889999999999873e+02 -1.468851000000000113e+03 -1.034038999999999987e+03
-8.964909999999999854e+02 -1.776394999999999982e+03 -8.153300000000000409e+02
4.806170000000000186e+02 -2.675556999999999789e+03 -2.280449999999999875e+02
-6.563429999999999609e+02 -1.307972999999999956e+03 -1.128838999999999942e+03
2.406539999999999964e+02 -1.220118999999999915e+03 -1.230678000000000111e+03
4.602339999999999804e+02 -2.526523999999999887e+03 -3.631510000000000105e+02
5.862870000000000346e+02 -1.879046000000000049e+03 -8.304700000000000273e+02
5.392440000000000282e+02 -1.715403000000000020e+03 -9.403279999999999745e+02
4.929639999999999986e+02 -1.546249000000000024e+03 -1.044622000000000071e+03
3.069800000000000182e+02 -1.572332000000000107e+03 -1.054063000000000102e+03
4.556320000000000050e+02 -9.713179999999999836e+02 -1.302930000000000064e+03
2.721410000000000196e+02 -1.390863000000000056e+03 -1.148554000000000087e+03
-2.842599999999999838e+01 -8.629020000000000437e+02 -1.373994999999999891e+03
1.967100000000000080e+02 -1.037119999999999891e+03 -1.307376999999999953e+03
1.699790000000000134e+02 -2.414722000000000207e+03 -4.870319999999999823e+02
-2.427539999999999907e+02 7.199260000000000446e+02 -1.429402000000000044e+03
-1.727330000000000041e+02 5.281509999999999536e+02 -1.469898999999999887e+03
-4.033029999999999973e+02 6.460370000000000346e+02 -1.427707000000000107e+03
8.739239999999999782e+02 4.414069999999999823e+02 -1.361375999999999976e+03
7.335359999999999445e+02 6.805639999999999645e+02 -1.359613000000000056e+03
2.551450000000000102e+02 1.223836000000000013e+03 -1.273838999999999942e+03
3.879409999999999741e+02 9.712200000000000273e+02 -1.347063000000000102e+03
6.735769999999999982e+02 3.440529999999999973e+02 -1.424588999999999942e+03
5.704009999999999536e+02 5.412000000000000455e+02 -1.421013999999999896e+03
2.166719999999999970e+02 1.031184999999999945e+03 -1.345892000000000053e+03
2.332499999999999929e+01 1.297028999999999996e+03 -1.257855000000000018e+03
2.951999999999999886e+02 7.639529999999999745e+02 -1.413935999999999922e+03
1.382300000000000040e+01 1.097171000000000049e+03 -1.333330999999999904e+03
3.985040000000000191e+02 3.867839999999999918e+02 -1.469598999999999933e+03
1.185999999999999943e+01 8.982770000000000437e+02 -1.395306000000000040e+03
2.159879999999999995e+02 5.401190000000000282e+02 -1.465455999999999904e+03
-1.809989999999999952e+02 1.134096000000000004e+03 -1.313868999999999915e+03
4.657610000000000241e+02 1.182252999999999929e+03 -1.264093000000000075e+03
5.767400000000000091e+02 8.351530000000000200e+02 -1.355553000000000111e+03
1.011899999999999977e+03 2.641125000000000000e+03 -2.214279999999999973e+02
9.596620000000000346e+02 2.499240999999999985e+03 -3.574169999999999732e+02
9.142419999999999618e+02 2.356184999999999945e+03 -4.849529999999999745e+02
8.664139999999999873e+02 2.210146999999999935e+03 -6.082899999999999636e+02
8.152599999999999909e+02 2.057211999999999989e+03 -7.301589999999999918e+02
7.452699999999999818e+02 1.897203999999999951e+03 -8.516240000000000236e+02
6.797749999999999773e+02 1.726180000000000064e+03 -9.675890000000000555e+02
3.749639999999999986e+02 1.734932999999999993e+03 -1.016884000000000015e+03
6.252319999999999709e+02 1.550259999999999991e+03 -1.072363000000000056e+03
3.396419999999999959e+02 1.574194999999999936e+03 -1.105459000000000060e+03
8.885289999999999964e+02 1.299797000000000025e+03 -1.120768000000000029e+03
5.424470000000000027e+02 1.358104000000000042e+03 -1.178960000000000036e+03
3.012160000000000082e+02 1.397481999999999971e+03 -1.194925999999999931e+03
7.917699999999999818e+02 1.148382000000000062e+03 -1.207528000000000020e+03
6.897519999999999527e+02 9.929080000000000155e+02 -1.286309999999999945e+03
-3.085769999999999982e+02 9.070480000000000018e+02 -1.376502999999999929e+03
3.754999999999999893e+00 7.385890000000000555e+02 -1.435701000000000022e+03
1.157084000000000060e+03 1.731817999999999984e+03 -8.172989999999999782e+02
-2.098689999999999998e+02 1.324849999999999909e+03 -1.236742999999999938e+03
-3.779780000000000086e+02 1.099606999999999971e+03 -1.307694999999999936e+03
-2.815999999999999837e+00 5.243819999999999482e+02 -1.476604000000000042e+03
5.599640000000000555e+02 2.691630999999999858e+03 -2.970169999999999959e+02
5.338630000000000564e+02 2.540161999999999807e+03 -4.316519999999999868e+02
5.098240000000000123e+02 2.387512000000000171e+03 -5.585599999999999454e+02
9.114199999999999591e+01 2.517188000000000102e+03 -5.009529999999999745e+02
4.777590000000000146e+02 2.229496000000000095e+03 -6.839009999999999536e+02
3.903399999999999892e+01 1.672997000000000071e+03 -1.079202999999999975e+03
-2.608340000000000032e+02 1.675375999999999976e+03 -1.063155999999999949e+03
3.465200000000000102e+01 1.487951999999999998e+03 -1.173566000000000031e+03
-2.422150000000000034e+02 1.500145999999999958e+03 -1.152777000000000044e+03
5.612100000000000222e+01 2.038994999999999891e+03 -8.583590000000000373e+02
-3.808629999999999995e+02 2.797547000000000025e+03 -2.376250000000000000e+02
4.091390000000000100e+02 1.910714999999999918e+03 -9.093519999999999754e+02
1.027390000000000043e+02 2.821052000000000135e+03 -2.347839999999999918e+02
4.458240000000000123e+02 2.072731000000000222e+03 -7.989230000000000018e+02
1.043057999999999993e+03 9.477590000000000146e+02 -1.199125999999999976e+03
8.939289999999999736e+02 8.179360000000000355e+02 -1.283761999999999944e+03
1.066376999999999953e+03 1.598394000000000005e+03 -9.231050000000000182e+02
4.655799999999999983e+01 1.864243999999999915e+03 -9.691050000000000182e+02
7.537800000000000011e+01 2.201393999999999778e+03 -7.457870000000000346e+02
8.527599999999999625e+01 2.361264999999999873e+03 -6.264479999999999791e+02
9.898199999999999932e+01 2.673233999999999924e+03 -3.682069999999999936e+02
-4.010360000000000014e+02 2.939583000000000084e+03 -1.024699999999999989e+02
9.790280000000000200e+02 1.447448000000000093e+03 -1.027243999999999915e+03
9.005810000000000173e+02 5.931300000000000239e+01 -1.379617999999999938e+03
8.772899999999999636e+02 -2.793949999999999818e+02 -1.367201999999999998e+03
7.016100000000000136e+02 4.234599999999999653e+01 -1.432779999999999973e+03
6.827259999999999991e+02 -2.119250000000000114e+02 -1.424811999999999898e+03
5.466910000000000309e+02 -4.531899999999999977e+02 -1.422317999999999984e+03
6.868719999999999573e+02 -6.044320000000000164e+02 -1.364094000000000051e+03
6.438319999999999936e+02 -8.573360000000000127e+02 -1.306101000000000113e+03
8.341230000000000473e+02 -7.536480000000000246e+02 -1.290459000000000060e+03
6.077770000000000437e+02 2.966744000000000142e+03 -3.421399999999999864e+01
1.061851000000000113e+03 2.782000000000000000e+03 -8.015699999999999648e+01
5.866620000000000346e+02 2.834967000000000098e+03 -1.622669999999999959e+02
1.018409999999999940e+02 2.965322000000000116e+03 -9.839499999999999602e+01
-1.044800000000000040e+01 -4.927339999999999804e+02 -1.463827999999999975e+03
2.150589999999999975e+02 -4.510040000000000191e+02 -1.462568999999999960e+03
2.628079999999999927e+02 -5.772340000000000373e+02 -1.435453999999999951e+03
3.604089999999999918e+02 -7.783559999999999945e+02 -1.376627999999999929e+03
-3.313829999999999814e+02 -6.197720000000000482e+02 -1.417318999999999960e+03
-2.192399999999999949e+01 -6.758690000000000282e+02 -1.424891000000000076e+03
1.156410000000000053e+02 -6.494969999999999573e+02 -1.428825000000000045e+03
1.656839999999999975e+02 -8.517889999999999873e+02 -1.371920000000000073e+03
2.429029999999999916e+02 2.605450000000000159e+02 -1.497423999999999978e+03
1.297959999999999923e+02 3.339139999999999873e+02 -1.496961999999999989e+03
4.508399999999999750e+02 2.235409999999999968e+02 -1.475763999999999896e+03
4.627839999999999918e+02 -1.326359999999999957e+02 -1.473049999999999955e+03
2.947540000000000191e+02 5.410699999999999932e+01 -1.499978000000000065e+03
9.773499999999999943e+01 -1.300860000000000127e+02 -1.506528000000000020e+03
3.549999999999999822e-01 -1.796709999999999923e+02 -1.504461000000000013e+03
-2.625000000000000000e+00 -3.407400000000000091e+02 -1.487709000000000060e+03
-1.407980000000000018e+02 -2.686329999999999814e+02 -1.491462999999999965e+03
4.991349999999999909e+02 5.076200000000000045e+01 -1.473320999999999913e+03
3.965219999999999914e+02 -2.956890000000000214e+02 -1.467932000000000016e+03
2.841019999999999754e+02 -1.663849999999999909e+02 -1.493147999999999911e+03
1.784650000000000034e+02 -7.378000000000000114e+01 -1.506855999999999995e+03
1.552570000000000050e+02 -2.833360000000000127e+02 -1.489990999999999985e+03
-2.432220000000000084e+02 -4.484789999999999850e+02 -1.458909000000000106e+03
-6.667839999999999918e+02 -5.868600000000000136e+02 -1.370422000000000025e+03
-5.193060000000000400e+02 -4.376890000000000214e+02 -1.427280999999999949e+03
6.962600000000000477e+01 1.184260000000000019e+02 -1.512680000000000064e+03
9.322299999999999898e+01 5.957600000000000051e+01 -1.513599999999999909e+03
-7.062099999999999511e+01 -1.005499999999999972e+01 -1.512292999999999893e+03
-2.292630000000000052e+02 -1.610569999999999879e+02 -1.496871000000000095e+03
8.000700000000000500e+01 1.903999999999999915e+00 -1.514048999999999978e+03
1.288999999999999924e+00 -4.003000000000000114e+01 -1.513820999999999913e+03
-3.821320000000000050e+02 -2.990710000000000264e+02 -1.467929000000000087e+03
-1.082879999999999967e+02 3.239420000000000073e+02 -1.497869999999999891e+03
-2.103700000000000045e+02 2.529470000000000027e+02 -1.497587999999999965e+03
-3.643299999999999841e+02 3.945629999999999882e+02 -1.469549999999999955e+03
-2.779540000000000077e+02 1.835720000000000027e+02 -1.495064000000000078e+03
-4.969529999999999745e+02 2.601440000000000055e+02 -1.462093000000000075e+03
-5.439880000000000564e+02 7.084199999999999875e+01 -1.462732999999999947e+03
-3.309769999999999754e+02 6.453400000000000603e+01 -1.493384999999999991e+03
-4.988820000000000050e+02 -1.123359999999999985e+02 -1.466201000000000022e+03
-5.881999999999999673e+00 3.103419999999999845e+02 -1.502295000000000073e+03
-7.662600000000000477e+01 1.202540000000000049e+02 -1.510820999999999913e+03
-9.666599999999999682e+01 5.438100000000000023e+01 -1.511148999999999887e+03
1.799999999999999864e-02 1.463499999999999943e+02 -1.511787000000000035e+03
